"Height" "GWS" 0.93537208 0.00729336 0.840942746 0.008672116 0.10095377 0.08129452 0.12061301
"Height" "10-5" 0.927065218 0.007130657 0.833256772 0.008478584 0.1011886 0.0817814 0.1205958
"BMI" "GWS" 0.75012424 0.01283289 0.75191210 0.01902523 -0.002383416 -0.055136943  0.050370111
"BMI" "10-5" 0.69465697 0.01124982 0.68908186 0.01667587  0.00802570 -0.04088542  0.05693682
"Education" "GWS" 0.295161512 0.007177784 0.160973588 0.009758689 0.4546254 0.3948493 0.5144015
"Education" "10-5" 0.281191105 0.006068357 0.150327258 0.008246757 0.4653911 0.4123510 0.5184313
"EverSmk" "GWS" 0.68509864 0.02991517 0.5557487 0.0470024 0.18880487 0.04940843 0.32820130
"EverSmk" "10-5" 0.60716751 0.02086359 0.48909749 0.03276234 0.1944604 0.0923522 0.2965686
"SBP" "GWS" 0.74955707 0.01644731 0.74232358 0.02600894  0.009650355 -0.054258520  0.073559231
"SBP" "10-5" 0.66358850 0.01369819 0.66303225 0.02166937  0.0008382522 -0.0595494490  0.0612259533
"WHR" "GWS" 0.71462535 0.01648231 0.69400924 0.02766893  0.02884884 -0.03227793  0.08997561
"WHR" "10-5" 0.67810660 0.01477585 0.65353812 0.02477083  0.03623100 -0.02302316  0.09548517
"Alcohol" "GWS" 0.069226277 0.007860192 0.06500688 0.01278324  0.06095086 -0.25824648  0.38014821
"Alcohol" "10-5" 0.061384513 0.005348828 0.063321258 0.008744009 -0.03155104 -0.27593786  0.21283578
"Menarche" "GWS" 0.78606754 0.02340142 0.81678237 0.03601049 -0.03907404 -0.12697315  0.04882507
"Menarche" "10-5" 0.71907466 0.02002161 0.74474822 0.03080126 -0.03570361 -0.11825876  0.04685154
"AFB" "GWS" 0.5835671 0.0607857 0.3240522 0.0985928 0.44470449 0.07784672 0.81156226
"AFB" "10-5" 0.41230657 0.03037263 0.19607003 0.04920323 0.5244557 0.2999454 0.7489660
"Children" "GWS" 0.4882375 0.1188175 0.2895177 0.2071833  0.4070146 -0.4118447  1.2258738
"Children" "10-5" 0.24955013 0.05101519 0.08278984 0.08905969 0.66824365 0.03731006 1.29917725
"Menopause" "GWS" 0.88265773 0.04091051 0.8626129 0.0663831  0.02270966 -0.12084754  0.16626685
"Menopause" "10-5" 0.83557060 0.03602476 0.79121562 0.05861632  0.05308347 -0.08200930  0.18817623
"Cognition" "GWS" 0.60112953 0.05396403 0.53083338 0.07654623  0.11694011 -0.08438297  0.31826320
"Cognition" "10-5" 0.50178189 0.03193626 0.39359265 0.04520984 0.21561010 0.06366665 0.36755355
"Depressive" "GWS" 1.001282 0.189337 0.7895898 0.3158943  0.2114214 -0.2369865  0.6598293
"Depressive" "10-5" 0.81439068 0.09391738 0.4086344 0.1572475 0.4982330 0.1747769 0.8216891
"Neuroticism" "GWS" 0.61862705 0.03578523 0.61991061 0.05975256 -0.00207485 -0.17155451  0.16740481
"Neuroticism" "10-5" 0.49970299 0.02365711 0.49171222 0.03954312  0.01599104 -0.12031744  0.15229952
"PA" "GWS" 0.6369952 0.1512157 0.4491428 0.2746884  0.2949040 -0.4785338  1.0683418
"PA" "10-5" 0.22714324 0.04963137 0.2409387 0.0897067 -0.06073468 -0.71300996  0.59154061
"CPD" "GWS" 0.60192776 0.04593922 0.4344338 0.0772300 0.27826258 0.04950039 0.50702478
"CPD" "10-5" 0.35532077 0.03210279 0.28857794 0.05381925  0.1878383 -0.1479063  0.5235828
"LDL" "GWS" 1.02335925 0.01389785 1.05528388 0.02171134 -0.031195919 -0.069495959  0.007104121
"LDL" "10-5" 0.9902978 0.0132666 1.02416917 0.02070249 -0.03420319 -0.07239180  0.00398542
"HDL" "GWS" 0.9850578 0.0112723 0.98376880 0.01627652  0.001308558 -0.031126672  0.033743788
"HDL" "10-5" 0.95035223 0.01067364 0.94696755 0.01541534  0.003561502 -0.028814450  0.035937453
"TG" "GWS" 0.9302720 0.0131306 0.89084732 0.02101922  0.042379768 -0.004275675  0.089035211
"TG" "10-5" 0.89082514 0.01233494 0.85346782 0.01976395  0.041935635 -0.004180097  0.088051366
"CRP" "GWS" 0.64815768 0.01507504 0.7079230 0.0261472 -0.09220804 -0.15844181 -0.02597426
"CRP" "10-5" 0.62356340 0.01407171 0.67731883 0.02437831 -0.08620685 -0.15097749 -0.02143622
"eGFR" "GWS" 0.68118794 0.01072892 0.68043693 0.01680285  0.001102511 -0.044711955  0.046916976
"eGFR" "10-5" 0.65797422 0.01018536 0.65827299 0.01595169 -0.0004540817 -0.0450119211  0.0441037576
"FEV1" "GWS" 1.0381385 0.0440351 1.09431044 0.07651631 -0.05410832 -0.18221896  0.07400233
"FEV1" "10-5" 0.95248255 0.03392405 0.93258882 0.05918642  0.02088618 -0.08583384  0.12760620
"FEV1FVC" "GWS" 1.996452 0.165701 2.4743018 0.2735201 -0.23934968 -0.51895664  0.04025729
"FEV1FVC" "10-5" 1.8976358 0.1354586 2.1383555 0.2257223 -0.1268524 -0.3605137  0.1068089
"HbA1c" "GWS" 0.234479284 0.003618933 0.237659728 0.005814183 -0.01356386 -0.05600268  0.02887496
"HbA1c" "10-5" 0.225896466 0.003428988 0.229759038 0.005509378 -0.01709886 -0.05921988  0.02502215
"Wellbeing" "GWS" 0.3369436 0.1961568 0.5216837 0.3211887 -0.5482822 -4.5223312  3.4257667
"Wellbeing" "10-5" 0.13098134 0.03718934 0.12220509 0.06166828  0.06700381 -0.71561569  0.84962331
