Height 0.4088 0.0203 1.2279 0.0197
Height 0.3405 0.0191 1.0382 0.0138
Height 0 0.0 0.3949 0.0152
BMI 0.2109 0.0104 1.1192 0.0089
BMI 0.1954 0.0151 1.0165 0.0079
BMI 0 0.0 0.4436 0.0075
Education 0.1345 0.0089 1.1772 0.0093
Education 0.0356 0.008 1.02 0.0065
Education 0 0.0 0.3881 0.0061
EverSmk 0.1001 0.0069 1.1133 0.0085
EverSmk 0.0752 0.0126 1.0102 0.0071
EverSmk 0 0.0 0.4402 0.0059
SBP 0.1102 0.0083 1.1635 0.0091
SBP 0.1062 0.015 1.022 0.0066
SBP 0 0.0 0.4938 0.0058
WHR 0.085 0.0088 1.1125 0.0095
WHR 0.09 0.0154 1.0067 0.0064
WHR 0 0.0 0.4744 0.0066
Alcohol 0.0243 0.0079 1.1143 0.0075
Alcohol 0.0515 0.015 0.9883 0.0062
Alcohol 0 0.0 0.4931 0.0057
Menarche 0.2186 0.0233 1.0878 0.0076
Menarche 0.1904 0.0419 1.0219 0.0069
Menarche 0 0.0 0.4488 0.0056
AFB 0.0663 0.0152 1.056 0.0068
AFB 0.0042 0.0353 1.0223 0.0064
AFB 0 0.0 0.3949 0.0152
Children 0.0356 0.0092 1.0251 0.007
Children 0.033 0.0224 1.0131 0.0068
Children 0 0.0 0.4714 0.0045
Menopause 0.099 0.0415 1.0262 0.0071
Menopause 0.035 0.0952 1.0141 0.0059
Menopause 0 0.0 0.4675 0.0052
Cognition 0.2416 0.0288 1.0422 0.0073
Cognition 0.1354 0.0437 1.0102 0.0061
Cognition 0 0.0 0.3871 0.0048
Depressive 0.0541 0.0128 1.1098 0.0074
Depressive 0.0431 0.0275 1.0034 0.0063
Depressive 0 0.0 0.498 0.0054
Neuroticism 0.0745 0.0076 1.0724 0.0068
Neuroticism 0.066 0.0166 1.0086 0.0061
Neuroticism 0 0.0 0.4875 0.0055
PA 0.011 0.0067 1.0315 0.0074
PA -0.0059 0.0183 1.0117 0.0062
PA 0 0.0 0.4943 0.0049
CPD 0.0502 0.0228 1.0685 0.0067
CPD 0.0681 0.0459 1.0035 0.0063
CPD 0 0.0 0.478 0.0052
LDL 0.1217 0.018 1.2688 0.0636
LDL 0.1278 0.0221 1.0493 0.0267
LDL 0 0.0 0.5074 0.0408
HDL 0.1884 0.0236 1.2371 0.0318
HDL 0.2091 0.0356 1.046 0.0152
HDL 0 0.0 0.482 0.0216
TG 0.1643 0.025 1.128 0.0174
TG 0.1775 0.039 1.004 0.011
TG 0 0.0 0.466 0.0121
CRP 0.0631 0.0163 1.1067 0.0146
CRP 0.0949 0.03 1.0073 0.0078
CRP 0 0.0 0.4818 0.0097
eGFR 0.1727 0.015 1.142 0.0128
eGFR 0.1527 0.0228 1.0133 0.0081
eGFR 0 0.0 0.4618 0.0089
FEV1 0.0839 0.0128 1.0388 0.007
FEV1 0.1212 0.0374 1.0043 0.007
FEV1 0 0.0 0.464 0.0054
FEV1FVC -0.0223 0.0088 1.0639 0.0058
FEV1FVC 0.0428 0.0245 1.0043 0.0056
FEV1FVC 0 0.0 0.4661 0.0054
HbA1c 0.166 0.0192 1.0702 0.0155
HbA1c 0.2085 0.0373 1.0029 0.0087
HbA1c 0 0.0 0.4443 0.01
Wellbeing 0.0535 0.0094 1.0846 0.0085
Wellbeing 0.0374 0.0207 1.0043 0.0065
Wellbeing 0 0.0 0.49 0.006
